[gd_scene load_steps=17 format=2]

[ext_resource path="res://Ball.gd" type="Script" id=1]
[ext_resource path="res://World/Camera.gd" type="Script" id=2]
[ext_resource path="res://World/World7.gd" type="Script" id=3]
[ext_resource path="res://7.png" type="Texture" id=4]

[sub_resource type="SpatialMaterial" id=4]
albedo_color = Color( 1, 0.937255, 0.262745, 1 )

[sub_resource type="SphereShape" id=5]

[sub_resource type="SpatialMaterial" id=15]
albedo_color = Color( 0.988235, 0.521569, 0.294118, 1 )
roughness = 0.9

[sub_resource type="SphereMesh" id=6]
material = SubResource( 15 )

[sub_resource type="SpatialMaterial" id=7]
albedo_color = Color( 0.462745, 0.784314, 0.847059, 1 )

[sub_resource type="SpatialMaterial" id=10]
albedo_color = Color( 1, 0.858824, 0.439216, 1 )

[sub_resource type="SpatialMaterial" id=9]
albedo_color = Color( 1, 0.858824, 0.439216, 1 )

[sub_resource type="SpatialMaterial" id=11]
albedo_color = Color( 1, 0.858824, 0.439216, 1 )

[sub_resource type="SpatialMaterial" id=14]
albedo_color = Color( 0.462745, 0.784314, 0.847059, 1 )

[sub_resource type="BoxShape" id=8]
extents = Vector3( 154.478, 0.001, 255.135 )

[sub_resource type="SpatialMaterial" id=12]
albedo_color = Color( 0.611765, 0.878431, 0.321569, 1 )

[sub_resource type="BoxShape" id=13]
extents = Vector3( 3.26499, 1, 4.55815 )

[node name="World7" type="Spatial"]
script = ExtResource( 3 )

[node name="0" type="CSGBox" parent="."]
transform = Transform( 1, 0, 0, 0, 1, 0, 0, 0, 1, -0.174778, 1.02633, -20.2912 )
use_collision = true
width = 9.55594
height = 0.118323
depth = 8.10412
material = SubResource( 4 )

[node name="Ball" type="RigidBody" parent="."]
transform = Transform( -0.831731, 0, -0.555178, 0, 1, 0, 0.555178, 0, -0.831731, -0.433947, 6.45865, -20.1248 )
script = ExtResource( 1 )

[node name="CollisionShape" type="CollisionShape" parent="Ball"]
shape = SubResource( 5 )

[node name="MeshInstance" type="MeshInstance" parent="Ball"]
mesh = SubResource( 6 )
material/0 = null

[node name="DirectionalLight" type="DirectionalLight" parent="."]
transform = Transform( -0.878461, -0.385413, -0.282423, -0.405757, 0.289591, 0.86689, -0.252323, 0.876124, -0.410779, -2.71526, 16.8571, -17.7478 )
shadow_enabled = true

[node name="Camera" type="Camera" parent="."]
transform = Transform( -1, -3.10862e-15, -8.74228e-08, -5.42032e-08, 0.784592, 0.620012, 6.85912e-08, 0.620012, -0.784592, -0.84794, 10.7552, -24.9635 )
fov = 97.997
far = 50.0
script = ExtResource( 2 )

[node name="1" type="CSGBox" parent="."]
transform = Transform( 0.995035, 0.0995281, 0, -0.0995281, 0.995035, 0, 0, 0, 1, -28.6812, 3.26886, -20.3916 )
use_collision = true
width = 48.1767
height = 0.118323
depth = 6.41063
material = SubResource( 7 )

[node name="2" type="CSGBox" parent="."]
transform = Transform( 0.994469, -0.105032, 0, 0.105032, 0.994469, 0, 0, 0, 1, -74.6885, -9.18936, -20.3916 )
use_collision = true
width = 48.1767
height = 0.118323
depth = 6.41063
material = SubResource( 7 )

[node name="3" type="CSGBox" parent="."]
transform = Transform( 0.888825, 0.458246, 0, -0.458246, 0.888825, 0, 0, 0, 1, -113.603, -9.18936, 4.25304 )
use_collision = true
width = 19.8379
height = 0.118323
depth = 65.9637
material = SubResource( 10 )

[node name="4" type="CSGBox" parent="."]
transform = Transform( 0.994469, -0.105032, 0, 0.105032, 0.994469, 0, 0, 0, 1, -106.143, -25.0008, 66.708 )
use_collision = true
width = 62.5725
height = 0.118323
depth = 20.9131
material = SubResource( 7 )

[node name="5" type="CSGBox" parent="."]
transform = Transform( 0.992757, 0.120137, 0, -0.120137, 0.992757, 0, 0, 0, 1, -106.143, -39.5859, 102.679 )
use_collision = true
width = 62.5725
height = 0.118323
depth = 20.9131
material = SubResource( 7 )

[node name="6" type="CSGBox" parent="."]
transform = Transform( 0.925546, -0.313443, 0.212411, 0.0133337, 0.587624, 0.809024, -0.378401, -0.745956, 0.548053, -55.2266, -39.5859, 111.113 )
use_collision = true
width = 62.5725
height = 0.118323
depth = 20.9131
material = SubResource( 9 )

[node name="7" type="CSGBox" parent="."]
transform = Transform( 1, 0, 0, 0, 1, 0, 0, 0, 1, -22.7906, -48.6009, 82.2467 )
use_collision = true
width = 39.0593
height = 0.118323
depth = 20.9131
material = SubResource( 7 )

[node name="8" type="CSGBox" parent="."]
transform = Transform( 0.563613, -0.826039, 0, 0.826039, 0.563612, 0, 0, 0, 1, 5.86654, -46.6869, 71.2804 )
use_collision = true
width = 15.8519
height = 0.118323
depth = 55.8781
material = SubResource( 11 )

[node name="9" type="CSGBox" parent="."]
transform = Transform( 1, 0, 0, 0, 1, 0, 0, 0, 1, -3.80273, -55.9787, 32.4372 )
use_collision = true
width = 30.5079
height = 0.118323
depth = 18.4373
material = SubResource( 14 )

[node name="DieArea" type="Area" parent="."]
transform = Transform( 1, 0, 0, 0, 1, 0, 0, 0, 1, -1.69081, -31.2976, 3.20151 )

[node name="CollisionShape" type="CollisionShape" parent="DieArea"]
transform = Transform( 1, 0, 0, 0, 1, 0, 0, 0, 1, 0, -44.6503, -1.42139 )
shape = SubResource( 8 )

[node name="Goal1" type="CSGBox" parent="."]
transform = Transform( 1, 0, 0, 0, 1, 0, 0, 0, 1, 19.1753, -60.1412, 32.5614 )
use_collision = true
width = 9.0
height = 4.0
depth = 9.0
material = SubResource( 12 )

[node name="CSGSphere" type="CSGSphere" parent="Goal1"]
transform = Transform( 1, 0, 0, 0, 1, 0, 0, 0, 1, 0, 3.60276, 0 )
operation = 2
radius = 4.0
radial_segments = 30
rings = 19

[node name="WinArea" type="Area" parent="Goal1"]

[node name="CollisionShape" type="CollisionShape" parent="Goal1/WinArea"]
transform = Transform( 1, 0, 0, 0, 1, 0, 0, 0, 1, 0, 0, 0.299633 )
shape = SubResource( 13 )

[node name="CanvasLayer" type="CanvasLayer" parent="."]

[node name="1" type="Sprite" parent="CanvasLayer"]
modulate = Color( 0.988235, 0.717647, 0.4, 1 )
position = Vector2( 70, 20 )
scale = Vector2( 0.3, 0.3 )
texture = ExtResource( 4 )

[connection signal="body_entered" from="DieArea" to="." method="_on_DieArea_body_entered"]
[connection signal="body_entered" from="Goal1/WinArea" to="." method="_on_WinArea_body_entered"]
