[gd_scene load_steps=16 format=2]

[ext_resource path="res://Ball.gd" type="Script" id=1]
[ext_resource path="res://World/Camera.gd" type="Script" id=2]
[ext_resource path="res://World/World.gd" type="Script" id=3]
[ext_resource path="res://1.png" type="Texture" id=4]

[sub_resource type="SpatialMaterial" id=12]
albedo_color = Color( 1, 0.937255, 0.262745, 1 )

[sub_resource type="SpatialMaterial" id=4]
albedo_color = Color( 0.462745, 0.784314, 0.847059, 1 )

[sub_resource type="SpatialMaterial" id=5]
albedo_color = Color( 0.462745, 0.784314, 0.847059, 1 )

[sub_resource type="SpatialMaterial" id=6]
albedo_color = Color( 0.462745, 0.784314, 0.847059, 1 )

[sub_resource type="SphereShape" id=1]

[sub_resource type="SpatialMaterial" id=11]
albedo_color = Color( 0.988235, 0.521569, 0.294118, 1 )
roughness = 0.9

[sub_resource type="SphereMesh" id=2]
material = SubResource( 11 )

[sub_resource type="SpatialMaterial" id=7]
albedo_color = Color( 0.611765, 0.878431, 0.321569, 1 )

[sub_resource type="BoxShape" id=8]
extents = Vector3( 3.26499, 1, 3.47726 )

[sub_resource type="BoxShape" id=9]
extents = Vector3( 154.478, 0.001, 255.135 )

[sub_resource type="SpatialMaterial" id=10]
albedo_color = Color( 1, 0.803922, 0.341176, 1 )

[node name="Spatial" type="Spatial"]
transform = Transform( 1, 0, 0, 0, 1, 0, 0, 0, 1, 0, 25.7725, 0 )
script = ExtResource( 3 )

[node name="0" type="CSGBox" parent="."]
transform = Transform( 1, 0, 0, 0, 1, 0, 0, 0, 1, 0.39781, 1.12333, -39.3655 )
use_collision = true
width = 6.0
height = 0.118323
depth = 6.0
material = SubResource( 12 )

[node name="1" type="CSGBox" parent="."]
transform = Transform( 1, 0, 0, 0, 0.977647, -0.21025, 0, 0.21025, 0.977647, 0.39781, -2.00258, -21.8066 )
use_collision = true
width = 6.0
height = 0.118323
depth = 29.7381
material = SubResource( 4 )

[node name="1f" type="CSGBox" parent="1"]
transform = Transform( 1, 0, 0, 0, 1.00001, 2.98023e-08, 0, -2.98023e-08, 1.00001, 2.94838, 1.35628, -1.24434 )
use_collision = true
width = 0.102572
height = 2.74881
depth = 27.3539
material = SubResource( 4 )

[node name="2" type="CSGBox" parent="."]
transform = Transform( 1, 0, 0, 0, 0.878409, 0.47791, 0, -0.47791, 0.878409, 10.8886, -6.73436, 2.53127 )
use_collision = true
width = 24.2672
height = 0.118323
depth = 24.6785
material = SubResource( 5 )

[node name="2s" type="CSGBox" parent="2"]
transform = Transform( 1, 0, 0, 0, 1, -1.19209e-07, 0, 1.19209e-07, 1, -0.0887327, 0.181146, -4.02686 )
operation = 2
use_collision = true
width = 8.7462
height = 0.899059
depth = 17.0906
material = SubResource( 5 )

[node name="3" type="CSGBox" parent="."]
transform = Transform( 1, 0, 0, 0, 0.925672, -0.378325, 0, 0.378325, 0.925672, 28.6404, -8.38772, -18.8409 )
use_collision = true
width = 20.6328
height = 0.118323
depth = 20.6815
material = SubResource( 5 )

[node name="3f" type="CSGBox" parent="3"]
transform = Transform( 1, 0, 0, 0, 0.924838, 0.38036, 0, -0.38036, 0.924838, 0, 1.72964, -11.0591 )
use_collision = true
width = 20.83
height = 3.85253
depth = 0.133112
material = SubResource( 5 )

[node name="4" type="CSGBox" parent="."]
transform = Transform( 1, 0, 0, 0, 0.752886, 0.658151, 0, -0.658151, 0.752886, 34.2999, -11.417, -3.37098 )
use_collision = true
width = 6.0
height = 0.118323
depth = 18.9737
material = SubResource( 5 )

[node name="5" type="CSGBox" parent="."]
transform = Transform( 1, 0, 0, 0, 0.986025, -0.166597, 0, 0.166597, 0.986025, 34.4114, -15.5864, 49.9229 )
use_collision = true
width = 6.0
height = 1.0923
depth = 89.5457
material = SubResource( 6 )

[node name="Ball" type="RigidBody" parent="."]
transform = Transform( 1, 0, 0, 0, 0.990753, 0.135681, 0, -0.135681, 0.990753, 0, 3.61402, -39.4719 )
script = ExtResource( 1 )

[node name="CollisionShape" type="CollisionShape" parent="Ball"]
shape = SubResource( 1 )

[node name="MeshInstance" type="MeshInstance" parent="Ball"]
mesh = SubResource( 2 )
material/0 = null

[node name="Camera" type="Camera" parent="."]
transform = Transform( -1, -1.77636e-15, -8.74228e-08, -4.89823e-08, 0.828295, 0.560292, 7.24119e-08, 0.560292, -0.828295, 0.544826, 9.42375, -47.6928 )
script = ExtResource( 2 )

[node name="Goal1" type="CSGBox" parent="."]
transform = Transform( 1, 0, 0, 0, 1, 0, 0, 0, 1, 34.4375, -25.5661, 99.2756 )
use_collision = true
width = 9.0
height = 4.0
depth = 9.0
material = SubResource( 7 )

[node name="CSGSphere" type="CSGSphere" parent="Goal1"]
transform = Transform( 1, 0, 0, 0, 1, 0, 0, 0, 1, 0, 3.60276, 0 )
operation = 2
radius = 4.0
radial_segments = 30
rings = 19

[node name="Area" type="Area" parent="Goal1"]

[node name="CollisionShape" type="CollisionShape" parent="Goal1/Area"]
shape = SubResource( 8 )

[node name="DirectionalLight" type="DirectionalLight" parent="."]
transform = Transform( -0.878461, -0.385413, -0.282423, -0.405757, 0.289591, 0.86689, -0.252323, 0.876124, -0.410779, -2.70935, 16.8779, -17.727 )
shadow_enabled = true

[node name="DieArea" type="Area" parent="."]

[node name="CollisionShape" type="CollisionShape" parent="DieArea"]
transform = Transform( 1, 0, 0, 0, 1, 0, 0, 0, 1, 0, -44.6503, -1.42139 )
shape = SubResource( 9 )

[node name="sao1" type="CSGCylinder" parent="."]
transform = Transform( 1, 0, 0, 0, 1, 0, 0, 0, 1, 36.3374, -14.2712, 55.4791 )
material_override = SubResource( 10 )
use_collision = true
radius = 0.6
height = 5.07389
sides = 20
smooth_faces = false

[node name="sao2" type="CSGCylinder" parent="."]
transform = Transform( 1, 0, 0, 0, 1, 0, 0, 0, 1, 32.5951, -15.4972, 63.1879 )
material_override = SubResource( 10 )
use_collision = true
radius = 0.6
height = 5.07389
sides = 20
smooth_faces = false

[node name="sao3" type="CSGCylinder" parent="."]
transform = Transform( 1, 0, 0, 0, 1, 0, 0, 0, 1, 36.407, -17.2558, 74.0603 )
material_override = SubResource( 10 )
use_collision = true
radius = 0.6
height = 5.07389
sides = 20
smooth_faces = false

[node name="CanvasLayer" type="CanvasLayer" parent="."]

[node name="1" type="Sprite" parent="CanvasLayer"]
modulate = Color( 0.988235, 0.717647, 0.4, 1 )
position = Vector2( 70, 20 )
scale = Vector2( 0.3, 0.3 )
texture = ExtResource( 4 )

[connection signal="body_entered" from="Goal1/Area" to="." method="_on_Area_body_entered"]
[connection signal="body_entered" from="DieArea" to="." method="_on_DieArea_body_entered"]
