[gd_scene load_steps=13 format=2]

[ext_resource path="res://Ball.gd" type="Script" id=1]
[ext_resource path="res://World/Camera.gd" type="Script" id=2]
[ext_resource path="res://World/World8.gd" type="Script" id=3]
[ext_resource path="res://8.png" type="Texture" id=4]

[sub_resource type="SpatialMaterial" id=4]
albedo_color = Color( 1, 0.937255, 0.262745, 1 )

[sub_resource type="SpatialMaterial" id=10]
albedo_color = Color( 0.462745, 0.784314, 0.847059, 1 )

[sub_resource type="SphereShape" id=5]

[sub_resource type="SpatialMaterial" id=11]
albedo_color = Color( 0.988235, 0.521569, 0.294118, 1 )
roughness = 0.9

[sub_resource type="SphereMesh" id=6]
material = SubResource( 11 )

[sub_resource type="BoxShape" id=7]
extents = Vector3( 154.478, 0.001, 255.135 )

[sub_resource type="SpatialMaterial" id=8]
albedo_color = Color( 0.611765, 0.878431, 0.321569, 1 )

[sub_resource type="BoxShape" id=9]
extents = Vector3( 3.26499, 1, 4.55815 )

[node name="World8" type="Spatial"]
script = ExtResource( 3 )

[node name="0" type="CSGBox" parent="."]
transform = Transform( 1, 0, 0, 0, 1, 0, 0, 0, 1, -0.174778, 1.02633, -20.2912 )
use_collision = true
width = 9.55594
height = 0.118323
depth = 8.10412
material = SubResource( 4 )

[node name="1" type="CSGBox" parent="."]
transform = Transform( 1, 0, 0, 0, 1, 0, 0, 0, 1, -0.0208902, -4.99388, -35.864 )
use_collision = true
width = 4.38841
height = 0.118323
depth = 15.7553
material = SubResource( 10 )

[node name="2" type="CSGBox" parent="."]
transform = Transform( 1, 0, 0, 0, 1, 0, 0, 0, 1, -13.3356, -4.9883, -46.3815 )
use_collision = true
width = 31.0242
height = 0.118323
depth = 5.30132
material = SubResource( 10 )

[node name="2f" type="CSGBox" parent="2"]
transform = Transform( 1, 0, 0, 0, 1, 0, 0, 0, 1, 0, 1.55699, -2.65104 )
use_collision = true
width = 31.0242
height = 3.33909
depth = 0.169079
material = SubResource( 10 )

[node name="3" type="CSGBox" parent="."]
transform = Transform( 1, 0, 0, 0, 0.831178, 0.556005, 0, -0.556005, 0.831178, -26.5737, -0.872644, -37.3615 )
use_collision = true
width = 4.38841
height = 0.118323
depth = 15.7553
material = SubResource( 10 )

[node name="4" type="CSGBox" parent="."]
transform = Transform( 1, 0, 0, 0, 1, 0, 0, 0, 1, -56.3127, 3.47014, -28.2548 )
use_collision = true
width = 64.3185
height = 0.118323
depth = 5.30132
material = SubResource( 10 )

[node name="4f" type="CSGBox" parent="4"]
transform = Transform( 1, 0, 0, 0, 1, 0, 0, 0, 1, -32.138, 1.46844, 0 )
use_collision = true
width = 0.172391
height = 3.02393
depth = 5.30132
material = SubResource( 10 )

[node name="8" type="CSGBox" parent="."]
transform = Transform( 1, 0, 0, 0, 1, 0, 0, 0, 1, -56.3127, 24.1203, 47.7537 )
use_collision = true
width = 64.3185
height = 0.118323
depth = 5.30132
material = SubResource( 10 )

[node name="8f" type="CSGBox" parent="8"]
transform = Transform( 1, 0, 0, 0, 1, 0, 0, 0, 1, -28.6159, 3.0992, 2.69808 )
use_collision = true
width = 7.00749
height = 6.46152
depth = 0.164165
material = SubResource( 10 )

[node name="9" type="CSGBox" parent="."]
transform = Transform( 0.846593, -0.532241, 0, 0.532241, 0.846593, 0, 0, 0, 1, -15.055, 29.8066, 47.7537 )
use_collision = true
width = 21.91
height = 0.118323
depth = 5.30132
material = SubResource( 10 )

[node name="10" type="CSGBox" parent="."]
transform = Transform( -4.37114e-08, 0, 1, 0, 1, 0, -1, 0, -4.37114e-08, -3.15316, 35.6097, 29.0694 )
use_collision = true
width = 42.706
height = 0.118323
depth = 5.30132
material = SubResource( 10 )

[node name="5" type="CSGBox" parent="."]
transform = Transform( 1, 0, 0, 0, 0.831178, 0.556005, 0, -0.556005, 0.831178, -86.25, 7.622, -19.2511 )
use_collision = true
width = 4.38841
height = 0.118323
depth = 15.7553
material = SubResource( 10 )

[node name="6" type="CSGBox" parent="."]
transform = Transform( 1, 0, 0, 0, 1, 0, 0, 0, 1, -86.25, 11.9701, 2.49429 )
use_collision = true
width = 4.38841
height = 0.118323
depth = 30.3814
material = SubResource( 10 )

[node name="7" type="CSGBox" parent="."]
transform = Transform( 1, 0, 0, 0, 0.914572, 0.404423, 0, -0.404423, 0.914572, -86.25, 17.9581, 31.3277 )
use_collision = true
width = 4.38841
height = 0.118323
depth = 30.3814
material = SubResource( 10 )

[node name="Ball" type="RigidBody" parent="."]
transform = Transform( -0.831731, 0, -0.555178, 0, 1, 0, 0.555178, 0, -0.831731, -0.433947, 6.45865, -20.1248 )
script = ExtResource( 1 )

[node name="CollisionShape" type="CollisionShape" parent="Ball"]
shape = SubResource( 5 )

[node name="MeshInstance" type="MeshInstance" parent="Ball"]
mesh = SubResource( 6 )
material/0 = null

[node name="DirectionalLight" type="DirectionalLight" parent="."]
transform = Transform( -0.878461, -0.385413, -0.282423, -0.405757, 0.289591, 0.86689, -0.252323, 0.876124, -0.410779, -2.71526, 16.8571, -17.7478 )
shadow_enabled = true

[node name="Camera" type="Camera" parent="."]
transform = Transform( -1, -3.10862e-15, -8.74228e-08, -5.42032e-08, 0.784592, 0.620012, 6.85912e-08, 0.620012, -0.784592, -0.84794, 10.7552, -24.9635 )
fov = 97.997
far = 50.0
script = ExtResource( 2 )

[node name="DieArea" type="Area" parent="."]
transform = Transform( 1, 0, 0, 0, 1, 0, 0, 0, 1, -1.69081, -12.0784, 3.20151 )

[node name="CollisionShape" type="CollisionShape" parent="DieArea"]
transform = Transform( 1, 0, 0, 0, 1, 0, 0, 0, 1, 0, -44.6503, -1.42139 )
shape = SubResource( 7 )

[node name="Goal1" type="CSGBox" parent="."]
transform = Transform( 1, 0, 0, 0, 1, 0, 0, 0, 1, 0, 4.39651, -3.12892 )
use_collision = true
width = 9.0
height = 4.0
depth = 9.0
material = SubResource( 8 )

[node name="CSGSphere" type="CSGSphere" parent="Goal1"]
transform = Transform( 1, 0, 0, 0, 1, 0, 0, 0, 1, 0, 3.60276, 0 )
operation = 2
radius = 4.0
radial_segments = 30
rings = 19

[node name="WinArea" type="Area" parent="Goal1"]

[node name="CollisionShape" type="CollisionShape" parent="Goal1/WinArea"]
transform = Transform( 1, 0, 0, 0, 1, 0, 0, 0, 1, 0, 0, 0.299633 )
shape = SubResource( 9 )

[node name="CanvasLayer" type="CanvasLayer" parent="."]

[node name="1" type="Sprite" parent="CanvasLayer"]
modulate = Color( 0.988235, 0.717647, 0.4, 1 )
position = Vector2( 70, 20 )
scale = Vector2( 0.3, 0.3 )
texture = ExtResource( 4 )

[connection signal="body_entered" from="DieArea" to="." method="_on_DieArea_body_entered"]
[connection signal="body_entered" from="Goal1/WinArea" to="." method="_on_WinArea_body_entered"]
