[gd_scene load_steps=15 format=2]

[ext_resource path="res://Ball.gd" type="Script" id=1]
[ext_resource path="res://World/Camera.gd" type="Script" id=2]
[ext_resource path="res://World/World5.gd" type="Script" id=3]
[ext_resource path="res://5.png" type="Texture" id=4]

[sub_resource type="SpatialMaterial" id=4]
albedo_color = Color( 1, 0.937255, 0.262745, 1 )

[sub_resource type="SphereShape" id=5]

[sub_resource type="SpatialMaterial" id=13]
albedo_color = Color( 0.988235, 0.521569, 0.294118, 1 )
roughness = 0.9

[sub_resource type="SphereMesh" id=6]
material = SubResource( 13 )

[sub_resource type="SpatialMaterial" id=7]
albedo_color = Color( 0.564706, 0.74902, 0.960784, 1 )

[sub_resource type="SpatialMaterial" id=8]
albedo_color = Color( 0.564706, 0.74902, 0.960784, 1 )

[sub_resource type="SpatialMaterial" id=9]
albedo_color = Color( 0.564706, 0.74902, 0.960784, 1 )

[sub_resource type="SpatialMaterial" id=10]
albedo_color = Color( 0.611765, 0.878431, 0.321569, 1 )

[sub_resource type="BoxShape" id=11]
extents = Vector3( 3.26499, 1, 4.55815 )

[sub_resource type="BoxShape" id=12]
extents = Vector3( 154.478, 0.001, 340.558 )

[node name="World5" type="Spatial"]
transform = Transform( 1, 0, 0, 0, 1, 0, 0, 0, 1, 0, 69.5976, 0 )
script = ExtResource( 3 )

[node name="0" type="CSGBox" parent="."]
transform = Transform( 1, 0, 0, 0, 1, 0, 0, 0, 1, -0.174778, 1.02633, -20.2912 )
use_collision = true
width = 13.5482
height = 0.118323
depth = 8.10412
material = SubResource( 4 )

[node name="Ball" type="RigidBody" parent="."]
transform = Transform( -0.831731, 0, -0.555178, 0, 1, 0, 0.555178, 0, -0.831731, -0.433947, 6.45865, -20.1248 )
script = ExtResource( 1 )

[node name="CollisionShape" type="CollisionShape" parent="Ball"]
shape = SubResource( 5 )

[node name="MeshInstance" type="MeshInstance" parent="Ball"]
mesh = SubResource( 6 )
material/0 = null

[node name="DirectionalLight" type="DirectionalLight" parent="."]
transform = Transform( -0.878461, -0.385413, -0.282423, -0.405757, 0.289591, 0.86689, -0.252323, 0.876124, -0.410779, -2.71526, 16.8571, -17.7478 )
shadow_enabled = true

[node name="Camera" type="Camera" parent="."]
transform = Transform( -1, -3.10862e-15, -8.74228e-08, -5.42032e-08, 0.784592, 0.620012, 6.85912e-08, 0.620012, -0.784592, -0.84794, 10.7552, -24.9635 )
fov = 97.997
far = 50.0
script = ExtResource( 2 )

[node name="Rail" type="CSGCylinder" parent="."]
transform = Transform( 1, 0, 0, 0, -0.344954, -0.938619, 0, 0.938619, -0.344954, -0.284934, -5.07002, -1.57209 )
use_collision = true
radius = 1.7
height = 28.9998
sides = 30
material = SubResource( 7 )

[node name="CSGCylinder2" type="CSGCylinder" parent="Rail"]
operation = 2
radius = 1.1
height = 31.3512
sides = 46
smooth_faces = false
material = SubResource( 8 )

[node name="CSGBox" type="CSGBox" parent="Rail"]
transform = Transform( 1, 0, 0, 0, 1, 0, 0, 0, 1, 0, -1.19209e-07, -1.03337 )
operation = 2
width = 5.31405
height = 34.6565
depth = 2.00796
material = SubResource( 9 )

[node name="Rail2" type="CSGCylinder" parent="."]
transform = Transform( 1, 0, 0, 0, -0.344954, -0.938619, 0, 0.938619, -0.344954, -6.99785, -41.2724, 66.9036 )
use_collision = true
radius = 1.7
height = 60.6545
sides = 30
material = SubResource( 7 )

[node name="CSGCylinder2" type="CSGCylinder" parent="Rail2"]
operation = 2
radius = 1.1
height = 64.9494
sides = 46
smooth_faces = false
material = SubResource( 8 )

[node name="CSGBox" type="CSGBox" parent="Rail2"]
transform = Transform( 1, 0, 0, 0, 1, 0, 0, 0, 1, 0, 0, -1.03337 )
operation = 2
width = 5.31405
height = 64.9992
depth = 2.00796
material = SubResource( 9 )

[node name="Rail3" type="CSGCylinder" parent="."]
transform = Transform( 1, 0, 0, 0, -0.344954, -0.938619, 0, 0.938619, -0.344954, -6.99785, -86.6701, 159.363 )
use_collision = true
radius = 1.7
height = 60.6545
sides = 30
material = SubResource( 7 )

[node name="CSGCylinder2" type="CSGCylinder" parent="Rail3"]
operation = 2
radius = 1.1
height = 64.9494
sides = 46
smooth_faces = false
material = SubResource( 8 )

[node name="CSGBox" type="CSGBox" parent="Rail3"]
transform = Transform( 1, 0, 0, 0, 1, 0, 0, 0, 1, 0, 0, -1.03337 )
operation = 2
width = 5.31405
height = 64.9992
depth = 2.00796
material = SubResource( 9 )

[node name="Goal1" type="CSGBox" parent="."]
transform = Transform( 1, 0, 0, 0, 1, 0, 0, 0, 1, -6.32526, -114.349, 217.939 )
use_collision = true
width = 9.0
height = 4.0
depth = 9.0
material = SubResource( 10 )

[node name="CSGSphere" type="CSGSphere" parent="Goal1"]
transform = Transform( 1, 0, 0, 0, 1, 0, 0, 0, 1, 0, 3.60276, 0 )
operation = 2
radius = 4.0
radial_segments = 30
rings = 19

[node name="WinArea" type="Area" parent="Goal1"]

[node name="CollisionShape" type="CollisionShape" parent="Goal1/WinArea"]
transform = Transform( 1, 0, 0, 0, 1, 0, 0, 0, 1, 0, 0, 0.299633 )
shape = SubResource( 11 )

[node name="DieArea" type="Area" parent="."]
transform = Transform( 1, 0, 0, 0, 0.911776, -0.410687, 0, 0.410687, 0.911776, -1.69081, -38.3918, 52.8419 )

[node name="CollisionShape" type="CollisionShape" parent="DieArea"]
transform = Transform( 1, 0, 0, 0, 1, 0, 0, 0, 1, 0, -44.6503, -1.42139 )
shape = SubResource( 12 )

[node name="CanvasLayer" type="CanvasLayer" parent="."]

[node name="1" type="Sprite" parent="CanvasLayer"]
modulate = Color( 0.988235, 0.717647, 0.4, 1 )
position = Vector2( 70, 20 )
scale = Vector2( 0.3, 0.3 )
texture = ExtResource( 4 )

[connection signal="body_entered" from="Goal1/WinArea" to="." method="_on_WinArea_body_entered"]
[connection signal="body_entered" from="DieArea" to="." method="_on_DieArea_body_entered"]
